t raw new accept
0.000 0.0000 0.0000 0
0.020 0.0000 0.0000 0
0.040 0.0000 0.0000 0
0.060 0.0000 0.0000 0
0.090 0.0000 0.0000 0
0.110 0.0000 0.0000 0
0.130 0.0000 0.0000 0
0.160 0.0000 0.0000 0
0.180 0.0000 0.0000 0
0.200 0.0000 0.0000 0
0.230 0.0000 0.0000 0
0.250 0.0000 0.0000 0
0.270 0.0000 0.0000 0
0.294 0.0000 0.0000 0
0.324 0.0000 0.0000 0
0.347 0.0000 0.0000 0
0.367 0.0000 0.0000 0
0.400 0.0000 0.0000 0
0.420 0.0000 0.0000 0
0.440 0.0000 0.0000 0
0.475 0.0000 0.0000 0
0.496 0.0000 0.0000 0
0.521 0.0000 0.0000 0
0.541 0.0000 0.0000 0
0.576 0.0000 0.0000 0
0.596 0.0000 0.0000 0
0.620 0.0000 0.0000 0
0.650 0.0000 0.0000 0
0.675 0.0000 0.0000 0
0.695 0.0000 0.0000 0
0.729 0.0000 0.0000 0
0.749 0.0000 0.0000 0
0.769 0.0000 0.0000 0
0.794 0.0000 0.0000 0
0.825 0.0000 0.0000 0
0.849 0.0000 0.0000 0
0.869 0.0000 0.0000 0
0.904 0.0000 0.0000 0
0.924 0.0000 0.0000 0
0.948 0.0000 0.0000 0
0.979 0.0000 0.0000 0
1.004 0.0000 0.0000 0
1.024 0.0000 0.0000 0
1.058 0.0000 0.0000 0
1.078 0.0000 0.0000 0
1.098 0.0000 0.0000 0
1.125 0.0000 0.0000 0
1.155 0.0000 0.0000 0
1.179 0.0000 0.0000 0
1.199 0.0000 0.0000 0
1.234 0.0000 0.0000 0
1.254 0.0000 0.0000 0
1.280 0.0000 0.0000 0
1.310 0.0000 0.0000 0
1.335 0.0000 0.0000 0
1.355 0.0000 0.0000 0
1.375 0.0000 0.0000 0
1.409 0.0000 0.0000 0
1.429 0.0000 0.0000 0
1.454 0.0000 0.0000 0
1.484 0.0000 0.0000 0
1.508 0.0000 0.0000 0
1.528 0.0000 0.0000 0
1.562 0.0000 0.0000 0
1.582 0.0000 0.0000 0
1.607 0.0000 0.0000 0
1.627 0.0000 0.0000 0
1.661 0.0000 0.0000 0
1.681 0.0000 0.0000 0
1.701 0.0000 0.0000 0
1.736 0.0000 0.0000 0
1.756 0.0000 0.0000 0
1.779 0.0000 0.0000 0
1.809 0.0000 0.0000 0
1.831 0.0000 0.0000 0
1.851 0.0000 0.0000 0
1.871 0.0000 0.0000 0
1.901 0.0000 0.0000 0
1.921 0.0000 0.0000 0
1.941 0.0000 0.0000 0
1.973 0.0000 0.0000 0
1.993 0.0000 0.0000 0
2.013 0.0000 0.0000 0
2.046 0.0000 0.0000 0
2.066 0.0000 0.0000 0
2.089 0.0000 0.0000 0
2.119 0.0000 0.0000 0
2.142 0.0000 0.0000 0
2.162 0.0000 0.0000 0
2.185 0.0000 0.0000 0
2.215 0.0000 0.0000 0
2.239 0.0000 0.0000 0
2.259 0.0000 0.0000 0
2.292 0.0000 0.0000 0
2.312 0.0000 0.0000 0
2.332 0.0000 0.0000 0
2.365 0.0000 0.0000 0
2.385 0.0000 0.0000 0
2.409 0.0000 0.0000 0
2.429 0.0000 0.0000 0
2.462 0.0000 0.0000 0
2.482 0.0000 0.0000 0
2.505 0.0000 0.0000 0
2.535 0.0000 0.0000 0
2.561 0.0000 0.0000 0
2.581 0.0000 0.0000 0
2.614 0.0000 0.0000 0
2.634 0.0000 0.0000 0
2.654 0.0000 0.0000 0
2.677 0.0000 0.0000 0
2.707 0.0000 0.0000 0
2.731 0.0000 0.0000 0
2.751 0.0000 0.0000 0
2.784 0.0000 0.0000 0
2.804 0.0000 0.0000 0
2.827 0.0000 0.0000 0
2.857 0.0000 0.0000 0
2.881 0.0000 0.0000 0
2.901 0.0000 0.0000 0
2.921 0.0000 0.0000 0
2.954 0.0000 0.0000 0
2.974 0.0000 0.0000 0
2.997 0.0000 0.0000 0
3.027 0.0000 0.0000 0
3.051 0.0000 0.0000 0
3.071 0.0000 0.0000 0
3.104 0.0000 0.0000 0
3.124 0.0000 0.0000 0
3.147 0.0000 0.0000 0
3.177 0.0000 0.0000 0
3.197 0.0000 0.0000 0
3.217 0.0000 0.0000 0
3.237 0.0000 0.0000 0
3.267 0.0000 0.0000 0
3.287 0.0000 0.0000 0
3.307 0.0000 0.0000 0
3.337 0.0000 0.0000 0
3.357 0.0000 0.0000 0
3.377 0.0000 0.0000 0
3.411 0.0000 0.0000 0
3.431 0.0000 0.0000 0
3.454 0.0000 0.0000 0
3.474 0.0000 0.0000 0
3.507 0.0000 0.0000 0
3.527 0.0000 0.0000 0
3.547 0.0000 0.0000 0
3.580 0.0000 0.0000 0
3.600 0.0000 0.0000 0
3.624 0.0000 0.0000 0
3.654 0.0000 0.0000 0
3.677 0.0000 0.0000 0
3.697 0.0000 0.0000 0
3.720 0.0000 0.0000 0
3.750 0.0000 0.0000 0
3.773 0.0000 0.0000 0
3.793 0.0000 0.0000 0
3.829 0.0000 0.0000 0
3.849 0.0000 0.0000 0
3.869 0.0000 0.0000 0
3.902 0.0000 0.0000 0
3.922 0.0000 0.0000 0
3.945 0.0000 0.0000 0
3.965 0.0000 0.0000 0
3.999 0.0000 0.0000 0
4.019 0.0000 0.0000 0
4.044 0.0000 0.0000 0
4.074 0.0000 0.0000 0
4.099 0.0000 0.0000 0
4.119 0.0000 0.0000 0
4.152 0.0000 0.0000 0
4.172 0.0000 0.0000 0
4.192 0.0000 0.0000 0
4.225 0.0000 0.0000 0
4.245 0.0000 0.0000 0
4.271 0.0000 0.0000 0
4.291 0.0000 0.0000 0
4.324 0.0000 0.0000 0
4.344 0.0000 0.0000 0
4.367 0.0000 0.0000 0
4.397 0.0000 0.0000 0
4.420 0.0000 0.0000 0
4.440 0.0000 0.0000 0
4.474 0.0000 0.0000 0
4.494 0.0000 0.0000 0
4.514 0.0000 0.0000 0
4.534 0.0000 0.0000 0
4.564 0.0000 0.0000 0
4.587 0.0000 0.0000 0
4.607 0.0000 0.0000 0
4.637 0.0000 0.0000 0
4.657 0.0000 0.0000 0
4.680 0.0000 0.0000 0
4.710 0.0000 0.0000 0
4.737 0.0000 0.0000 0
4.757 0.0000 0.0000 0
4.777 0.0000 0.0000 0
4.813 0.0000 0.0000 0
4.833 0.0000 0.0000 0
4.857 0.0000 0.0000 0
4.887 0.0000 0.0000 0
4.910 0.0000 0.0000 0
4.930 0.0000 0.0000 0
4.964 0.0000 0.0000 0
4.984 0.0000 0.0000 0
5.004 0.0000 0.0000 0
5.024 0.0000 0.0000 0
5.059 0.0000 0.0000 0
5.079 0.0000 0.0000 0
5.099 0.0000 0.0000 0
5.132 0.0000 0.0000 0
5.152 0.0000 0.0000 0
5.172 0.0000 0.0000 0
5.202 0.0000 0.0000 0
5.228 0.0000 0.0000 0
5.248 0.0000 0.0000 0
5.284 0.0000 0.0000 0
5.304 0.0000 0.0000 0
5.329 0.0000 0.0000 0
5.349 0.0000 0.0000 0
5.383 0.0000 0.0000 0
5.403 0.0000 0.0000 0
5.423 0.0000 0.0000 0
5.456 0.0000 0.0000 0
5.476 0.0000 0.0000 0
5.500 0.0000 0.0000 0
5.530 0.0000 0.0000 0
5.553 0.0000 0.0000 0
5.573 0.0000 0.0000 0
5.596 0.0000 0.0000 0
5.626 0.0000 0.0000 0
5.649 0.0000 0.0000 0
5.669 0.0000 0.0000 0
5.703 0.0000 0.0000 0
5.723 0.0000 0.0000 0
5.743 0.0000 0.0000 0
5.776 0.0000 0.0000 0
5.796 0.0000 0.0000 0
5.816 0.0000 0.0000 0
5.836 0.0000 0.0000 0
5.869 0.0000 0.0000 0
5.889 0.0000 0.0000 0
5.912 0.0000 0.0000 0
5.942 0.0000 0.0000 0
5.966 0.0000 0.0000 0
5.986 0.0000 0.0000 0
6.018 0.0000 0.0000 0
6.038 0.0000 0.0000 0
6.058 0.0000 0.0000 0
6.082 0.0000 0.0000 0
6.112 0.0000 0.0000 0
6.138 0.0000 0.0000 0
6.158 0.0000 0.0000 0
6.192 0.0000 0.0000 0
6.212 0.0000 0.0000 0
6.238 0.0000 0.0000 0
6.268 0.0000 0.0000 0
6.293 0.0000 0.0000 0
6.313 0.0000 0.0000 0
6.348 0.0000 0.0000 0
6.368 0.0000 0.0000 0
6.388 0.0000 0.0000 0
6.414 0.0000 0.0000 0
6.444 0.0000 0.0000 0
6.470 0.0000 0.0000 0
6.490 0.0000 0.0000 0
6.524 0.0000 0.0000 0
6.544 0.0000 0.0000 0
6.569 0.0000 0.0000 0
6.599 0.0000 0.0000 0
6.623 0.0000 0.0000 0
6.643 0.0000 0.0000 0
6.663 0.0000 0.0000 0
6.698 0.0000 0.0000 0
6.718 0.0000 0.0000 0
6.742 0.0000 0.0000 0
6.772 0.0000 0.0000 0
6.796 0.0000 0.0000 0
6.816 0.0000 0.0000 0
6.852 0.0000 0.0000 0
6.872 0.0000 0.0000 0
6.896 0.0000 0.0000 0
6.916 0.0000 0.0000 0
6.951 0.0000 0.0000 0
6.971 0.0000 0.0000 0
6.991 0.0000 0.0000 0
7.026 0.0000 0.0000 0
7.046 0.0000 0.0000 0
7.072 0.0000 0.0000 0
7.102 0.0000 0.0000 0
7.126 0.0000 0.0000 0
7.146 0.0000 0.0000 0
7.173 0.0000 0.0000 0
7.203 0.0000 0.0000 0
7.227 0.0000 0.0000 0
7.247 0.0000 0.0000 0
7.283 0.0000 0.0000 0
7.303 0.0000 0.0000 0
7.324 0.0000 0.0000 0
7.358 0.0000 0.0000 0
7.378 0.0000 0.0000 0
7.404 0.0000 0.0000 0
7.434 0.0000 0.0000 0
7.458 0.0000 0.0000 0
7.478 0.0000 0.0000 0
7.504 0.0000 0.0000 0
7.534 0.0000 0.0000 0
7.558 0.0000 0.0000 0
7.578 0.0000 0.0000 0
7.614 0.0000 0.0000 0
7.634 0.0000 0.0000 0
7.654 0.0000 0.0000 0
7.688 0.0000 0.0000 0
7.708 0.0000 0.0000 0
7.732 0.0000 0.0000 0
7.752 0.0000 0.0000 0
7.787 0.0000 0.0000 0
7.807 0.0000 0.0000 0
7.831 0.0000 0.0000 0
7.861 0.0000 0.0000 0
7.885 0.0000 0.0000 0
7.905 0.0000 0.0000 0
7.942 0.0000 0.0000 0
7.962 0.0000 0.0000 0
7.982 0.0000 0.0000 0
8.006 0.0000 0.0000 0
8.036 0.0000 0.0000 0
8.062 0.0000 0.0000 0
8.082 0.0000 0.0000 0
8.116 0.0000 0.0000 0
8.136 0.0000 0.0000 0
8.162 0.0000 0.0000 0
8.192 0.0000 0.0000 0
8.216 0.0000 0.0000 0
8.236 0.0000 0.0000 0
8.256 0.0000 0.0000 0
8.292 0.0000 0.0000 0
8.312 0.0000 0.0000 0
8.336 0.0000 0.0000 0
8.366 0.0000 0.0000 0
8.391 0.0000 0.0000 0
8.411 0.0000 0.0000 0
8.443 0.0000 0.0000 0
8.463 0.0000 0.0000 0
8.485 0.0000 0.0000 0
8.515 0.0000 0.0000 0
8.537 0.0000 0.0000 0
8.557 0.0000 0.0000 0
8.577 0.0000 0.0000 0
8.609 0.0000 0.0000 0
8.629 0.0000 0.0000 0
8.651 0.0000 0.0000 0
8.681 0.0000 0.0000 0
8.703 0.0000 0.0000 0
8.723 0.0000 0.0000 0
8.755 0.0000 0.0000 0
8.775 0.0000 0.0000 0
8.795 0.0000 0.0000 0
8.815 0.0000 0.0000 0
8.845 0.0000 0.0000 0
8.865 0.0000 0.0000 0
8.885 0.0000 0.0000 0
8.918 0.0000 0.0000 0
8.938 0.0000 0.0000 0
8.963 0.0000 0.0000 0
8.993 0.0000 0.0000 0
9.015 0.0000 0.0000 0
9.035 0.0000 0.0000 0
9.057 0.0000 0.0000 0
9.087 0.0000 0.0000 0
9.109 0.0000 0.0000 0
9.129 0.0000 0.0000 0
9.162 0.0000 0.0000 0
9.182 0.0000 0.0000 0
9.202 0.0000 0.0000 0
9.234 0.0000 0.0000 0
9.254 0.0000 0.0000 0
9.276 0.0000 0.0000 0
9.296 0.0000 0.0000 0
9.329 0.0000 0.0000 0
9.349 0.0000 0.0000 0
9.374 0.0000 0.0000 0
9.404 0.0000 0.0000 0
9.426 0.0000 0.0000 0
9.446 0.0000 0.0000 0
9.476 0.0000 0.0000 0
9.496 0.0000 0.0000 0
9.516 0.0000 0.0000 0
9.549 0.0000 0.0000 0
9.569 0.0000 0.0000 0
9.592 0.0000 0.0000 0
9.612 0.0000 0.0000 0
9.645 0.0000 0.0000 0
9.665 0.0000 0.0000 0
9.689 0.0000 0.0000 0
9.719 0.0000 0.0000 0
9.742 0.0000 0.0000 0
9.762 0.0000 0.0000 0
9.795 0.0000 0.0000 0
9.815 0.0000 0.0000 0
9.835 0.0000 0.0000 0
9.858 0.0000 0.0000 0
9.888 0.0000 0.0000 0
9.912 0.0000 0.0000 0
9.932 0.0000 0.0000 0
9.965 0.0000 0.0000 0
9.985 0.0000 0.0000 0
10.008 0.0000 0.0000 0
10.038 0.0000 0.0000 0
10.062 0.0000 0.0000 0
10.082 0.0000 0.0000 0
10.102 0.0000 0.0000 0
10.135 0.0000 0.0000 0
10.155 0.0000 0.0000 0
10.178 0.0000 0.0000 0
10.208 0.0000 0.0000 0
10.232 0.0000 0.0000 0
10.252 0.0000 0.0000 0
10.282 0.0000 0.0000 0
10.302 0.0000 0.0000 0
10.322 0.0000 0.0000 0
